-0.15064435349079933
1.8663806293496794
0.2086882008490762
-2.0824899299185557
1.342394173800252
0.1204768112351258
-0.031321407364213495
1.4644246717252174
-0.9331624817787788
-1.6420233753679039
-0.4269869558175748
0.4499831051139105
0.2556365703036903
-1.4888245121792303
-0.7521678207496036
1.6592470847062033
0.45585029568936053
-0.11632770437196184
-0.7725638374614685
-0.31748853644587105
-0.2157316580532869
-1.402159712766973
-0.6414834098388869
0.5350472151130573
-0.2834731905414993
-0.1459015914891713
1.3503147287745432
0.3268516897743795
0.885150036052515
-1.5646985259135309
1.3961439907406845
-0.788582388154956
-0.4456466353759771
-1.0512298404216636
0.9386397955156516
0.7552224031059639
0.35921525123174436
2.0508177665593146
1.2193487672576586
2.138696496348201
-0.6177157835928543
0.8970829287926125
-0.2591203495483255
-1.7926321795499973
2.640214660814655
-0.05388059722798842
-0.4957610782262354
-0.3705043146623422
0.11317811576253425
-0.2146059196870511
1.1980260386340222
0.013249020075789165
-1.4625768013652953
-1.3963593191305599
-0.3672356503934189
0.48260348461280467
-0.7515249599662753
0.2921104124793317
-0.3485934872116106
0.16378167198048083
-0.5203227190680026
-1.1211846722455945
-0.34482764802377835
-0.8995124087489095
-0.8919910734969495
-1.7435508130322102
-1.087639169097189
1.6208100183511018
-0.4876714732211542
0.5460881588339149
0.4091426941692868
0.4305970177454798
-1.266654377930619
-0.19107256748543117
-0.4695924545912834
0.19252309278194848
0.4251351332523125
-0.6741163442649294
-1.5979019287996472
1.7315849000090346
-1.1286277491988206
1.0011015808010455
-0.16942559660285839
1.4078190933339165
0.255927580095267
0.4594780002291613
0.7707288826721921
-0.2529765161625791
-0.5420469197572225
-0.1123649107804754
0.6671722697891932
0.32442741665502195
0.21130022238372062
0.11699801630411975
0.5860894320602682
0.35939628587127315
-1.9839491437482755
0.8653502578600962
0.5152013363222261
-1.088420355798313
