0.41649933326886085
2.5322661409729945
-1.8009754157719342
-1.0707307264785073
0.08528896065620654
0.32489873703719524
1.0359037351253433
1.4403327605620178
0.3054880916113535
0.9954504092057197
0.15584462260657042
-1.0385645800813452
0.36314784743227546
-0.44064785838258963
0.30244793112929047
-0.7987975719944639
-0.9189933316893469
-1.404287409582551
0.4725855436248844
0.15053603446401306
-1.377874041428658
0.954641071479432
-0.06931574826265254
-1.1841968601204873
1.8026237911493175
-0.3480461562559184
-0.490146845735242
-0.9434635579025533
0.16338120584635443
-0.29330987732829683
-0.16865428610816485
0.9048939994672318
0.16615263073389264
-0.5742913033811159
2.7539799548507213
-0.027904233815530432
0.8753686574184978
-2.0686133928963084
-1.1311230819944387
0.09958298272774911
1.8160399782568206
-3.4304890084393667
1.7711439166803875
-0.6164005229535816
-1.4250473898443023
1.24023487044553
-1.7853695717659548
0.6125816094129156
0.16857566828271064
-0.18759679889815165
1.0320557978460492
0.1295356335416882
0.6105835556677665
0.047625118214675556
-0.5948113770659997
0.8944333281046788
-0.22855272171933755
-0.03127059949688305
-0.001180342259472512
1.2187224225908657
1.305609340206102
0.16932608094158663
0.889809928686815
-0.3724749292887675
-0.33935217777562476
0.49405883912567067
0.6398384841687584
0.7175653735310521
-0.6061473791466918
1.0371935873229907
0.15335321888759731
-1.6414523273323847
0.1395993763021857
1.7935243966051775
-1.1841300455310444
0.2723139058762663
0.2900649840050728
-2.930501499920741
-1.2524979229779716
-0.6305232502006444
-0.5251338141624619
-1.4398020545252888
1.154233251945047
0.4539624840118034
1.2356042972796109
-1.1445326515815255
0.23749276339973868
-1.0745179724198572
0.45008786400229556
1.832272776156326
0.03798185269238997
0.5089958402479844
0.3520244986896437
-1.157230407270392
-1.6452638358661247
-0.5027904222273896
0.4961989296174934
1.357813915822079
0.4942091370908001
-0.008421122573959564
