2.3805529601815443
1.6121148472863562
0.7968887977308353
0.5484815552724708
1.3290968168866653
2.6821464768129974
-0.017315280551963186
-0.33496838580540245
3.5871239424156096
1.2615383486416487
0.9576758846218817
1.1456889917379025
0.1545543219910821
1.434776553737601
2.362992690262108
1.3724860402415526
2.0761363518038287
-1.0572029726726728
3.265786755773731
0.9809687999386553
2.5020496202734854
1.0493446094823378
0.3837743024469211
1.1880015486284239
0.36476845527569446
0.3981068597602172
0.21102699332528496
2.2487877823627542
1.8220285116454051
0.3493516426166622
-0.1912427039104616
2.0885291418404064
1.5900333671539777
2.1997147341779524
0.052098865158614394
1.4726379350327337
1.4267203480058803
1.3018008621469415
0.2449242473399944
2.890035102407245
-0.38518724005286975
1.9346298864636218
-0.04710930606620134
1.321868051279599
1.71505004953343
0.7558419116006949
0.41561752773048566
1.3872838984826565
1.4638875345823745
1.4565604305489572
1.0982495035128343
0.49486747407622755
1.229814963129917
0.6393886024421271
0.7330609051318228
1.3476419856630577
0.3279114898683665
1.331748436228549
0.9992498499628104
1.569889105068087
1.3914652585632978
-0.9447187833429154
3.2562752874876004
1.280057900262194
0.5285880894087023
0.5280339478373945
4.476599996951787
1.2654162994929832
1.3718712059446003
1.5015202993844199
-0.70977254811244
0.8854633954870482
0.7467262439865441
0.029086889759420642
0.8139963552364856
0.9295826678194009
0.34204274177494
-0.3311138987877196
-0.7293310144010678
0.4296218096260612
-0.10146907683992601
2.26511956333982
0.4893482203680184
1.621029273222386
0.03408176696789278
1.672598460896574
-0.4699778745014658
0.5541159728375087
1.5470947825163206
-0.025205111650271173
-1.0898749733360789
1.630492984948845
0.4007505365509466
0.6208243187507643
1.126692223791814
1.3942499697156632
2.3215155788569946
1.019868602074002
-0.023104759672172515
0.0288469001917967
