1.7993462847353414
0.49791543957352113
1.7920456758182315
0.9392919031541412
0.7211691173204612
0.9512227208159083
-0.4905777728466659
1.2253222914085256
1.0106692747550607
1.1653770179490253
1.2035580476318575
-1.0268227182621457
1.293636759965822
0.428309519500449
1.6239939844769933
-0.8745084916181687
0.025178604265954863
-0.024260563638371035
0.6140592124438194
0.31962524856127184
-1.3420855081793397
1.4750282674604005
1.0807766281412534
-1.8942142474265458
0.5190941925486543
-0.15860031594974244
2.5845907451721186
-1.3038271404226012
0.3041730222156306
1.2204357765904972
1.2854109827664217
-0.7245683643405716
1.465402224737121
0.23445053989710446
-0.3009004251890375
1.3665915658816736
-1.3403352069670866
0.4029389350738872
-0.2845054029642151
-0.04959872813356614
-0.9052920053249027
1.9479277769831307
-0.9460125360432907
-0.636086420376742
-0.17697807865133153
0.2658230753533116
1.2025045674464694
0.2161702803035998
-0.745897115613624
0.10656427353750436
1.8167029489455657
-1.4874234211747135
1.1816014756347615
0.8256450717823026
0.9971671699374158
-0.44038162150341353
1.4619259722533915
0.1030247235308191
-0.12214608819241868
0.774711106588082
0.9237572904519302
1.4941082503275127
1.7803059500792773
1.827286154885824
0.7162227694121965
1.0615997115091915
1.0848713696116832
0.28808839598721414
0.5162635145028118
2.3392297172334198
1.8592521943851066
0.32431642562706564
1.1268470002122344
-0.16086900899217382
-0.014386361477298992
0.8953904104395669
1.4925123130449245
0.549028971783237
0.08660577211923759
1.4250113842581666
0.6362694858460571
1.5119666323983962
-0.1398106429026862
1.1009792230610986
1.6089993300004206
1.561772822360003
-0.46936071807048685
-0.47327005479075146
-0.7218594987641733
0.23995225820444355
-0.055193046933311174
0.965304615295282
-2.213817560415316
-0.22027369939513275
-1.3483110087439667
2.620878702147176
1.5026541270637994
-1.3452796234751456
0.859501299342409
0.6748328236899477
