0.5300970241075393
-0.45462082064495823
-2.8833157143931976
1.2942565055095239
0.48395429454568895
-0.2095189342891266
0.941239662955802
-0.8585596092504122
0.9341276479838634
-2.2196921179343536
-0.41953046912946323
-2.150229492220951
-0.7709044093187275
-0.5257470758023692
-0.2790576137618148
-0.22785315958361385
-0.5066047112243544
-1.308854622308816
-1.9128302633367524
-0.6863646826577707
-2.961280830952341
-0.4403785323793886
0.3435596863674435
-0.7201666665271953
-1.401156655101973
-0.9905264978592229
0.8688252467077517
-0.739812707777505
-1.4071389431512582
-1.3804802270814762
-2.8502695798546265
-0.047753679521808756
-3.007311901515973
-0.17572682167486797
-0.8541703586090309
-0.6594522064492309
1.43580696162967
-0.8122906688170144
1.5173960676534648
-0.5126145430870656
1.8130769905348414
-0.8421644931348788
-1.6781754357521956
-1.0364383510538728
-0.5224613097345758
-0.8078331626667897
-0.407528294134217
0.08936186867569851
-1.4647381330658713
0.6100643944933186
-1.4557564709646709
0.12305984681855309
-0.5541700627996902
-1.2868064721346837
0.9798732371202534
-0.5871765328976428
-0.7556946018162138
-1.6627371352663147
0.04658647984836084
-1.8723690737422476
-1.233288179870364
1.028027195071532
-1.8609009485996686
-1.4827552003807742
-1.8084676780817226
-0.8956170468670708
0.6801905418814749
-1.021175584760096
-3.1125090183528514
-0.44449548483413837
-1.5577035713940846
-1.4176669469690029
-0.9041957834522011
-0.5880517793322205
-2.0245231640992105
-2.049858837736057
-2.2054555145062293
-1.286136881511207
-1.769988726669585
-1.4588336458551634
-2.051263927857496
-2.282619357853801
-0.5310320585961876
-0.799853948353133
-3.0825752628620737
-2.8441300215756646
-1.4120368860189412
-0.14270250765699632
-1.7324712375156341
-0.8788843050465938
0.9117667183595015
0.1156940590449278
-1.2416111028985202
-1.874281061205564
-0.031518539880207586
1.4795233932172045
-0.4966051925049789
1.735708103374241
-0.6248829393134354
-1.0595427073768482
