1.2246588744190214
-0.20847585356239584
0.4080369897892452
0.9462943686990122
-0.32739030170390043
-1.4025697459082145
0.18578665507719616
1.832835920234308
0.9306115088893123
-1.4345668669091642
-0.3154163722768708
-1.7704658969180003
-1.5620921432258876
-1.09081583960779
0.07171418168711197
-1.2501186139935492
-2.4127574600973603
-0.6013113257520135
-0.9987444727767611
0.39844648947968797
0.6307974340346372
-1.0877576312698705
-0.24549032001718574
-0.1927285830222285
0.06230207777586172
-1.9082208334701956
-1.6265894680357367
-0.17214460728600423
0.39565747707987375
-0.1798671447350927
-1.8952358318799496
-0.4592399271102531
-1.1562766661534147
0.2335169815875503
0.16051558606879024
-1.5926004823436561
0.8041336964879806
0.29286836769018754
-0.6299343175942003
-0.007506712722911368
-1.0365901061380585
-0.06304850634767362
-0.05523714105701172
-0.4910724405669107
-0.3005466945530777
-1.952125548011894
-0.9433490168433514
-0.6247932488864032
0.3992980971724944
-0.8801944404087247
-1.1804789107573124
-0.3082363599141622
-1.1109866742099421
0.09029542492833775
-1.971088903163298
0.9081038854603394
-0.07403941812450893
-0.4723574499404606
-1.5452742362611265
-1.2954819830688844
-0.6263508792078328
0.44964255629086125
-0.33072978636658057
-0.9770995541144765
0.30679357107597593
0.3055837140999116
0.05401954979415324
-1.5327276176628728
0.6100652286149622
-0.6939447281634229
0.2728213400522528
0.6641435708886714
0.6528956145455673
-0.9448432520920049
-1.4447045796664644
-0.7873374847912383
0.027147341470509345
-0.049869816657457655
-1.3248700544801655
-1.2380613951479418
-1.1225321896650937
-0.3802850448636855
-1.5017239810600362
-0.7035930044467735
0.6158223553074089
-0.6297545856091475
2.0157554768007686
-1.0940132148411514
1.3730015986826474
0.3852841600961969
0.05120207732190385
-0.1075030764611859
-1.0245608323250845
-0.8904791830495815
-1.1315897506664485
-0.5870532528988743
-1.3467227538729958
-1.0068668224040205
-1.6854515354575996
-1.497828600262122
